6815682.8859 1843065.82136 6815770.9438 1843051.78333
6815770.9438 1843051.78333 6815828.62806 1843080.62547
6815828.62806 1843080.62547 6815957.26888 1843079.85972
6815610.14228 1843125.80287 6815620.35191 1843110.23335
6815620.35191 1843110.23335 6815646.89713 1843101.04472
6815646.89713 1843101.04472 6815682.8859 1843065.82136
6815552.71326 1843226.62288 6815552.96851 1843190.88903
6815552.96851 1843190.88903 6815610.14228 1843125.80287
6815957.26888 1843079.85972 6815960.33187 1842957.0893
6815960.33187 1842957.0893 6815975.13564 1842907.57266
6815718.61943 1843338.92843 6815654.04377 1843309.32055
6815654.04377 1843309.32055 6815552.71326 1843226.62288
6816245.69022 1843044.1262 6816246.96647 1843007.1161
6816246.96647 1843007.1161 6816272.49036 1842942.02994
6816272.49036 1842942.02994 6816318.43384 1842898.63928
6815946.03826 1843672.78242 6815950.88799 1843522.70135
6815950.88799 1843522.70135 6815953.44048 1843350.4143
6816244.41398 1843195.994 6816245.69022 1843044.1262
6815953.44048 1843350.4143 6815955.99264 1843206.20363
6815955.99264 1843206.20363 6815957.26888 1843079.85972
6815953.44048 1843350.4143 6815955.99264 1843206.20363
6815955.99264 1843206.20363 6815957.26888 1843079.85972
6815953.44048 1843350.4143 6816241.86182 1843355.51895
6815946.03826 1843672.78242 6815950.88799 1843522.70135
6815950.88799 1843522.70135 6815953.44048 1843350.4143
6816241.86182 1843355.51895 6816244.41398 1843195.994
6815953.44048 1843350.4143 6815799.02018 1843353.22171
6815799.02018 1843353.22171 6815718.61943 1843338.92843
